
1 9:00am 846 5499 4669 1351 973 253
2 9:07am 4159 6665 2489 6410 383 4990
3 9:14am 4171 7245 751 1700 8 192
4 9:21am 7317 6619 6884 4255 668 6303
5 9:28am 4904 581 3482 6036 254 971
6 9:35am 5027 2035 5737 2367 7308 852
7 9:42am 6238 2473 3132 2144 6039 604
8 9:49am 670 2135 6883 1072 841 4973
9 9:56am 4091 5171 2643 6814 1868 5924
10 10:03am 6418 6688 256 2813 1967 4186
11 10:20am 6619 4669 6410 971 4171 4990
12 10:27am 2367 604 8 6884 253 6036
13 10:34am 6303 5737 4973 2489 6238 192
14 10:41am 2643 7308 581 751 2135 973
15 10:48am 5027 5924 6883 4255 7245 4159
16 10:55am 846 3132 3482 1967 841 383
17 11:02am 668 4186 256 2473 4904 1351
18 11:09am 1072 5499 2035 6039 6814 6688
19 11:16am 7317 254 6418 1868 5171 2144
20 11:23am 1700 4091 2813 6665 670 852
21 11:30am 4973 4255 4171 3482 4159 2643
22 11:37am 5924 253 6410 4904 3132 5737
23 11:44am 841 2489 6688 604 581 7245
24 11:51am 6036 6238 1351 751 7317 1072
25 1:00pm 1868 6884 256 6039 846 1700
26 1:07pm 5171 2813 7308 6883 2367 5499
27 1:14pm 6814 971 668 5027 383 2144
28 1:21pm 192 6665 973 670 6619 1967
29 1:28pm 852 254 4091 4990 4669 2473
30 1:35pm 4186 2135 6418 8 6303 2035
31 1:42pm 4904 4159 6039 7317 2643 846
32 1:49pm 5924 4973 971 256 751 5499
33 1:56pm 973 1967 6410 1072 668 1868
34 2:03pm 192 6883 2473 6814 3132 6665
35 2:10pm 841 4990 6036 5171 6303 5027
36 2:17pm 383 4255 8 581 1351 2813
37 2:24pm 254 2035 4171 5737 6884 4091
38 2:31pm 2144 3482 2489 253 670 7308
39 2:38pm 6688 1700 2367 6238 6418 4669
40 2:45pm 7245 852 4186 2135 604 6619
41 2:52pm 4159 668 5171 3132 256 192
42 2:59pm 1967 5027 8 5499 4091 4973
43 3:06pm 2473 1072 7308 6884 971 383
44 3:13pm 6039 581 6303 6410 2367 6665
45 3:20pm 2813 7317 6814 4669 3482 2135
46 3:27pm 5924 4171 670 6688 4186 846
47 3:34pm 604 2643 253 254 6883 1700
48 3:41pm 973 6418 4255 6036 2489 852
49 3:48pm 2035 1868 6238 7245 4990 4904
50 3:55pm 841 6619 5737 2144 1351 751
51 4:02pm 7308 8 6039 1967 4669 5924
52 4:09pm 253 4171 7317 2473 5027 581
53 4:16pm 256 2489 1700 3482 1072 6814
54 4:23pm 7245 973 2367 383 4186 254
55 4:30pm 668 841 2643 6238 5499 2813
56 4:37pm 4091 751 4904 6883 6688 6303
57 4:44pm 3132 6036 6619 2035 4973 846
58 4:51pm 5171 5737 4990 604 4255 670
59 4:58pm 6665 1868 1351 852 971 4159
60 5:05pm 2135 192 6884 6418 6410 2144
61 5:12pm 581 1072 2367 668 5924 4091
62 5:19pm 2813 846 751 2489 5027 254
63 5:26pm 2643 256 383 6619 2035 253
64 5:33pm 1868 7245 4669 6303 670 3132
65 9:00am 8 6688 2473 5737 4159 973
66 9:07am 5499 2144 4255 6665 1700 4186
67 9:14am 1351 6883 6039 4990 3482 6418
68 9:21am 971 5171 1967 4171 6238 2135
69 9:28am 4973 6036 604 7308 6410 6814
70 9:35am 6884 852 841 192 4904 7317
71 9:42am 6619 6303 1072 254 2813 4159
72 9:49am 5737 2144 7245 4669 256 581
73 9:56am 751 1967 3482 2035 2473 5171
74 10:03am 4973 1351 6814 4171 2367 1868
75 10:10am 4186 6884 5027 3132 2643 2489
76 10:17am 852 6688 6238 6410 8 6883
77 10:24am 5499 383 670 2135 6036 4904
78 10:31am 4990 192 5924 1700 973 7317
79 10:38am 6418 846 668 7308 604 6665
80 10:45am 4091 6039 971 253 4255 841
81 10:52am 4669 852 1072 4186 4973 5171
82 10:59am 670 751 6238 4159 6814 6884
83 11:06am 973 2144 2035 6883 2813 4171
84 11:13am 581 4990 3132 2643 6418 5499
85 11:20am 8 6665 254 256 7308 841
86 11:27am 971 6410 7317 846 4091 7245
87 11:34am 2367 2473 1967 2489 4904 6619
88 11:41am 383 253 1868 6688 192 4255
89 11:48am 5737 1700 2135 6036 6039 668
90 11:55am 6303 5924 604 1351 3482 5027
