1 9:00am 1868 841 4171 2135 846 5171
2 9:07am 2035 4990 2468 100 6039 1967
3 9:14am 3482 4255 6059 1351 253 2643
4 9:21am 5677 2473 4186 5027 2489 2367
5 9:28am 6665 972 6036 751 5104 6688
6 9:35am 581 604 2813 256 4904 4159
7 9:42am 670 114 254 668 5924 192
8 9:49am 199 5773 5728 299 6619 115
9 9:56am 6380 1280 5940 5026 8 6418
10 10:03am 766 6410 852 5905 5737 971
11 10:20am 1351 2813 5171 2468 5104 1967
12 10:27am 6688 100 4159 6059 4186 751
13 10:34am 2643 299 846 5924 6036 2473
14 10:41am 841 2367 581 2489 6380 4990
15 10:48am 199 253 114 6418 6410 4171
16 10:55am 5773 2035 5905 8 6665 254
17 11:02am 972 668 3482 6619 5940 5677
18 11:09am 5027 115 4904 5737 1280 4255
19 11:16am 1868 670 256 766 6039 5728
20 11:23am 604 852 971 2135 5026 192
21 11:30am 2643 4186 5924 6380 1967 5773
22 11:37am 2035 8 5677 6410 1351 841
23 11:44am 6059 199 2813 2367 668 846
24 11:51am 5027 256 751 299 2468 5905
25 11:58am 192 4255 5171 6039 581 5940
26 1:05pm 6688 254 3482 4904 1868 5026
27 1:12pm 766 1280 6665 114 6036 2135
28 1:19pm 6418 670 6619 5737 4159 5104
29 1:26pm 100 2489 971 972 115 4171
30 1:33pm 5728 604 2473 4990 852 253
31 1:40pm 6410 5940 256 1351 5773 254
32 1:47pm 8 6688 2367 299 766 1967
33 1:54pm 6380 5027 5737 1868 6665 6059
34 2:01pm 2468 199 4186 841 670 971
35 2:08pm 4171 192 6036 5905 5728 2813
36 2:15pm 6619 846 5104 114 4990 604
37 2:22pm 6039 852 115 5677 6418 4904
38 2:29pm 4255 2643 2035 1280 2135 972
39 2:36pm 5924 5026 4159 253 5171 2489
40 2:43pm 668 751 100 2473 581 3482
41 2:50pm 4990 1351 6688 5773 971 192
42 2:57pm 5940 6036 115 604 2367 6410
43 3:04pm 6380 4171 5104 4255 256 852
44 3:11pm 4904 8 6059 5728 114 972
45 3:18pm 2468 6619 5026 766 4186 581
46 3:25pm 4159 5905 1868 668 2473 299
47 3:32pm 5171 1967 751 199 5677 1280
48 3:39pm 5924 6665 2135 6418 3482 2813
49 3:46pm 2489 846 2035 253 5737 670
50 3:53pm 254 100 841 2643 5027 6039
51 4:00pm 5905 766 4990 6380 4255 4904
52 4:07pm 256 6619 1967 971 6059 6036
53 4:14pm 2367 1868 972 581 5924 6418
54 4:21pm 5104 192 5940 2035 199 2473
55 4:28pm 1351 5728 846 5026 100 6665
56 4:35pm 4159 114 5773 841 5677 6039
57 4:42pm 5737 2468 4171 604 3482 1280
58 4:49pm 2489 2643 8 852 751 2813
59 4:56pm 670 5171 668 6688 6410 5027
60 5:03pm 4186 253 299 254 115 2135
61 5:10pm 6619 972 6039 2473 5905 1351
62 5:17pm 5104 6059 1280 5924 841 5940
63 5:24pm 751 2643 192 4171 5026 766
64 9:00am 4255 1868 199 100 604 8
65 9:07am 256 2489 3482 6688 846 114
66 9:14am 253 5773 6418 1967 5027 668
67 9:21am 4904 581 670 6665 299 971
68 9:28am 4186 2367 6036 852 5171 2035
69 9:35am 5737 5677 115 2813 254 4990
70 9:42am 6410 2135 2468 4159 5728 6380
71 9:49am 5773 6039 2489 766 6059 604
72 9:56am 114 971 5104 2643 5940 1868
73 10:03am 5924 4171 4904 6619 2035 668
74 10:10am 5026 3482 1967 670 5905 2367
75 10:17am 6665 6688 253 5677 2468 852
76 10:24am 1280 299 6410 4186 2813 100
77 10:31am 581 2135 1351 5027 199 6036
78 10:38am 5737 4990 2473 5171 256 8
79 10:45am 751 6418 254 4255 841 5728
80 10:52am 115 4159 192 972 6380 846
81 10:59am 253 2813 1280 1868 6688 6619
82 11:06am 100 4904 2367 5773 5104 2135
83 11:13am 5905 5677 604 670 2643 6059
84 11:20am 5026 668 6039 8 5737 6036
85 11:27am 299 1351 5940 4990 4171 4186
86 11:34am 852 5924 114 581 751 115
87 11:41am 841 1967 2489 6665 192 256
88 11:48am 766 254 6380 199 972 5171
89 11:55am 5027 971 5728 4159 2035 3482
90 12:02pm 846 2473 6410 4255 6418 2468
