1 9:00am 6931 60 668 1492 7059 6560
2 9:07am 6530 6871 2122 6060 5539 3309
3 9:14am 7214 585 498 5059 751 8
4 9:21am 1836 6518 987 254 4603 2840
5 9:28am 1138 2375 996 4153 6968 3019
6 9:35am 1165 4146 6656 842 2437 2637
7 9:42am 2486 4183 2135 6127 6413 3501
8 9:49am 4415 2073 3187 4565 3925 1828
9 9:56am 991 6482 3785 3577 2478 3853
10 10:03am 3009 2403 3250 6585 6314 1011
11 10:10am 6560 3019 5059 7059 5539 751
12 10:17am 3501 6518 4603 6656 1138 585
13 10:24am 60 4183 3187 498 4153 2135
14 10:31am 6482 6931 2637 668 4565 2122
15 10:38am 1836 6413 3577 3009 6530 6585
16 10:45am 3925 1011 8 987 2478 1828
17 10:52am 3853 7214 4146 2375 1492 3250
18 10:59am 3309 2840 1165 3785 4415 2486
19 11:06am 6968 6060 2403 2073 254 842
20 11:13am 6127 6871 2437 991 996 6314
21 11:20am 5539 2135 6413 1138 3925 2637
22 11:27am 3019 987 4183 585 3577 6530
23 11:34am 2122 1165 7059 498 1828 6585
24 11:41am 1011 6968 3501 4153 6931 7214
25 11:48am 4603 991 668 2073 2375 2486
26 1:00pm 2478 6127 60 6518 842 4415
27 1:07pm 4146 5059 3785 6060 1836 6871
28 1:14pm 751 3309 996 3187 3250 6656
29 1:21pm 6560 3009 6482 2437 8 2403
30 1:28pm 6314 254 4565 2840 3853 1492
31 1:35pm 3925 3577 4153 6518 2122 2486
32 1:42pm 498 842 1011 2375 3785 6530
33 1:49pm 5059 1828 6127 6413 6656 6931
34 1:56pm 1165 3187 6871 2403 3501 3019
35 2:03pm 254 3853 5539 2437 668 4415
36 2:10pm 4565 2073 3009 3250 60 585
37 2:17pm 6585 2478 7214 2637 4183 2840
38 2:24pm 996 7059 8 6314 4603 4146
39 2:31pm 1492 6060 751 1138 2135 6482
40 2:38pm 991 1836 6968 3309 987 6560
41 2:45pm 668 3501 2073 1011 5059 3577
42 2:52pm 2375 585 2437 2122 2840 60
43 2:59pm 2478 6656 254 2486 6530 3019
44 3:06pm 3853 4565 6931 2403 1138 1165
45 3:13pm 7059 987 6968 3785 3187 6413
46 3:20pm 6871 2135 6314 1836 4415 6560
47 3:27pm 6127 4153 3309 8 1492 6585
48 3:34pm 2637 3250 6060 4603 498 3925
49 3:41pm 751 3009 4146 4183 991 6518
50 3:48pm 1828 6482 842 996 7214 5539
51 3:55pm 7059 2375 6413 6871 4565 2478
52 4:02pm 2122 8 2073 1492 6656 1836
53 4:09pm 6931 3019 2437 2135 6585 3925
54 4:16pm 3250 4146 1138 668 6127 987
55 4:23pm 4183 3853 5059 842 3309 4603
56 4:30pm 6060 7214 991 1165 6314 60
57 4:37pm 3501 3785 3009 996 6560 254
58 4:44pm 585 5539 4415 6968 2486 498
59 4:51pm 4153 2403 1828 3577 751 2840
60 4:58pm 6530 2637 1011 6482 3187 6518
61 5:05pm 8 3019 991 3250 6413 2122
62 5:12pm 254 1836 2375 3925 1165 4183
63 5:19pm 2478 2486 6060 987 6931 3009
64 5:26pm 6656 996 2135 2840 2403 498
65 9:00am 2637 6560 3853 1011 6127 585
66 9:07am 60 4603 3577 4146 3187 5539
67 9:14am 6314 3785 4153 5059 2073 6482
68 9:21am 6518 3309 1138 7214 2437 7059
69 9:28am 4415 6585 4565 751 3501 842
70 9:35am 6871 668 1492 6968 1828 6530
71 9:42am 3187 2840 2375 5539 3009 6127
72 9:49am 585 6482 4153 6413 991 1165
73 9:56am 987 2122 3925 60 2403 5059
74 10:03am 2135 4565 3785 8 6518 7214
75 10:10am 4603 1492 6968 2437 751 2478
76 10:17am 996 6585 1836 2486 668 3853
77 10:24am 6530 498 1138 6560 4146 2073
78 10:31am 1828 3501 3309 3019 2637 6314
79 10:38am 6656 4415 6060 4183 1011 7059
80 10:45am 254 3577 6931 842 3250 6871
81 10:52am 3009 1165 4603 2135 2122 6968
82 10:59am 2403 585 2478 4146 4153 668
83 11:06am 3019 498 1836 6482 6127 4565
84 11:13am 2840 6530 3925 3501 7059 991
85 11:20am 4415 5059 1492 3577 2637 996
86 11:27am 6413 60 751 3309 1011 254
87 11:34am 1828 6560 6518 6585 6060 2375
88 11:41am 5539 2437 4183 3785 6931 3250
89 11:48am 7214 6871 987 3853 2073 6656
90 11:55am 3187 842 2486 8 1138 6314
